1.314600554341353034e+00 -1.187428315044287030e+00 -1.806552744720534565e-01
-1.137475617477161194e+00 -1.466305243126430735e+00 -3.300198079396459705e-01
1.169946859759699143e+00 3.754822887774468265e-01 -1.800246488408561607e+00
-9.740768197991618305e-01 -8.106001286315367427e-01 5.788956517172375582e-01
7.425708696536180708e-01 1.362363934195861992e+00 -1.409237064186375177e+00
-9.081521662566393038e-01 -1.089500746789542340e+00 1.599858410117065144e-01
-1.211520353927069138e+00 -4.324365906067101362e-01 1.176165251045024229e+00
-1.650492386052264449e+00 -1.955704778703934110e+00 -9.757624215984097571e-01
-1.951912174865660488e+00 -1.247916732396683548e+00 2.631637812857364755e-01
-1.029359847340937772e+00 -5.595816334205864218e-01 9.389587591193695459e-01
-1.802961317804736563e+00 -6.741045602788493518e-01 1.151543028339714114e+00
-1.652388110048204073e+00 4.242398003485346458e-01 2.144573843279142800e+00
-1.465496498913499979e+00 -8.266862022981151803e-01 4.500656358852719308e-01
-1.225445833515880434e+00 -1.519600936748266129e+00 8.641494612857607560e-01
-1.657124571129487300e+00 -3.638729079321645354e-01 1.987928944746722992e+00
-1.764439467522465499e+00 -1.759006839509210440e+00 -2.037620534569606623e-01
-8.247125828197148234e-01 -1.749461202815965066e+00 -1.370466125550615200e+00
-1.508134659972566016e+00 -1.426867112905830348e+00 -9.432875975122927414e-01
-8.831628111465790187e-01 -2.353763736913818683e+00 -8.768816066099103246e-01
-1.587588210323916948e+00 1.204677904842491321e-01 1.719364775603540174e+00
-1.343739014294791367e+00 -8.931865057905853389e-01 1.178457184649342793e+00
-1.821229300380884153e+00 1.013297406916991550e+00 3.274701301440771317e+00
-2.983048404998103642e+00 -1.109991497269828820e+00 4.189548498455508696e-01
-1.389497195264573159e+00 3.026982156141460045e-01 2.757216268077196553e+00
-1.094033537491501562e+00 -1.808826821524398110e+00 3.706651892044069418e-01
-1.762847078796201172e+00 1.322967811560777918e+00 2.532455940838335362e+00
-1.871905250794767994e+00 5.455745669893774519e-01 2.512091226763253360e+00
-2.424337572426346732e+00 -1.608599180127829875e+00 7.089395680187187132e-01
-1.286022303635577346e+00 6.316042853745792440e-01 2.418208430566501921e+00
