5.225654639745192398e+00 7.275786555924175225e-01 -3.470882311101997075e-01
5.652370955523723595e+00 -1.062725331581926058e+00 1.476474822708566670e-01
5.052073950850291872e+00 5.678795529563232525e-02 9.617075796661553877e-01
4.743941583388117778e+00 1.306839059975508199e+00 3.261222321445540473e-01
5.796332863658795631e+00 -1.053438181902063286e+00 -1.324643620686645207e-01
5.282318212991633288e+00 5.625889226629801620e-02 -1.472343959241415590e-01
5.376711254388130357e+00 -2.089935122389978694e+00 5.127436923259223178e-01
3.807764819680752311e+00 1.733439810168027340e-01 5.194253903229175684e-01
4.792734236900959566e+00 -1.598875072085975901e+00 -4.938997905747068984e-01
6.216441303600346302e+00 -1.803650050965430296e+00 -2.212516275605733718e-01
