-4.789479794115508726e-02 -3.144108690932068129e-02 -3.899996247455339016e-01
7.886007979298442772e-01 -1.608030099668843194e-01 -1.274850937227823611e+00
-1.052417562177882848e+00 -2.072020213070465466e+00 -8.272745777100526041e-03
-4.579124083111791449e-02 -2.038550744794780101e-02 -3.915696011474472105e-01
1.406187510347349512e-01 9.460261789232239371e-01 -5.210482019085423966e-01
7.298840341422432876e-02 4.126218393688297348e-01 -5.811473498890696865e-01
-1.043891958741648418e-01 5.960464314975948419e-01 4.430734675971126357e-01
1.842953998848937958e-01 2.709820663620659542e-01 -1.011846348454914057e+00
2.241687378641483430e-01 2.196162311774619624e+00 -5.193570903523038185e-01
2.070030167483580819e-01 -2.286375344064908027e-02 -1.929048974314795828e+00
-1.366156624475552972e+00 -2.671080935556882086e+00 2.414111776731801828e-01
-2.218152363927480136e-02 6.379990949506796072e-02 -4.301318780952505527e-01
8.266326861952528748e-01 1.423789765995810086e+00 -1.606900932477435484e+00
-1.608585604192256935e-01 -8.297050184625649472e-01 -1.235040890225362453e+00
-7.674810718147931921e-01 -1.423864137950261663e-02 3.055113298874573835e-01
-5.496667119464194728e-01 -1.688848679702035671e+00 -1.717137343658346804e+00
2.714207345654320869e-01 -1.300931696075754707e-01 4.926772235340003414e-01
4.734211984612471946e-01 7.889312205717722293e-01 -1.450617314626934551e+00
-2.312523844353566727e-01 2.116401648814085143e-02 1.949910015554681131e-01
-1.562343689232090327e+00 -2.744691406402802181e-02 -2.709669951323429027e-01
1.215951767941170214e+00 1.613096648620291618e-01 4.722417972806731701e-01
-3.744974941313544692e-01 -4.232289468505489038e-01 1.342010974819959346e+00
-6.031536166490569784e-01 -6.069306972437283898e-01 2.326087842889564161e+00
4.592500626978829326e-01 8.087859094427780615e-01 -2.721189283866312980e+00
-8.383892193350371835e-01 -4.123903318751699909e-01 3.059986539377746340e+00
2.745168985205974702e-02 1.601393981513925313e+00 1.261330742794206872e+00
-2.294059000447714158e+00 1.521960313224069439e-01 -9.152088642370490579e-01
-9.198613006129449654e-02 -1.191659065641971882e+00 -1.751488457284980704e+00
-7.712273140021392859e-01 -1.087227090786158312e+00 -1.459334081549727102e+00
1.432636602156296957e-01 2.251035856591637963e+00 1.623318820203707880e+00
5.504168590951374895e-01 1.616798230997628760e+00 -3.035103027516685259e+00
-7.434583347388811214e-01 -2.373975437357670248e+00 -1.280892373355019265e+00
