-4.789479794115508726e-02 -3.144108690932068129e-02 -3.899996247455339016e-01
7.886007979298442772e-01 -1.608030099668843194e-01 -1.274850937227823611e+00
-1.052417562177882848e+00 -2.072020213070465466e+00 -8.272745777100526041e-03
-4.579124083111791449e-02 -2.038550744794780101e-02 -3.915696011474472105e-01
1.406187510347349512e-01 9.460261789232239371e-01 -5.210482019085423966e-01
7.298840341422432876e-02 4.126218393688297348e-01 -5.811473498890696865e-01
-1.043891958741648418e-01 5.960464314975948419e-01 4.430734675971126357e-01
1.842953998848937958e-01 2.709820663620659542e-01 -1.011846348454914057e+00
2.241687378641483430e-01 2.196162311774619624e+00 -5.193570903523038185e-01
2.070030167483580819e-01 -2.286375344064908027e-02 -1.929048974314795828e+00
