-1.673387994636561515e+00 -7.342831624280605762e-01 7.900816972183651865e-01
-4.867041214335327548e-01 4.539976018720210532e-02 3.155514061875570597e-01
1.376558335105652953e+00 -1.185143595534808414e+00 -8.116606035013526066e-01
1.402274943681068642e+00 -1.204735769452585092e+00 -8.006865803661509240e-01
6.712641025067238587e-01 -6.587472905016859004e-01 -1.142090412393134136e+00
9.766977788497057666e-01 -8.714721313498806632e-01 -7.220011398285902660e-01
-8.022070079770691198e-01 -3.220327467312043140e-02 4.921753319474752586e-01
1.231387958666832372e+00 -1.165372461364203138e+00 -1.739380375533655876e+00
1.149886488587699152e+00 -9.627705208863073238e-01 -1.411993030547466166e+00
6.929897945132669212e-01 -1.892216674905516260e+00 -1.470000210771349902e+00
-5.603971911997265298e-01 -1.465482913468214334e-02 -1.282130770477398540e+00
1.263343197502589277e+00 -1.753111398035246626e+00 -2.497570202552896301e+00
8.121506321562250719e-01 -1.392243182965851034e+00 -1.098535611368208986e+00
1.697057994323996954e+00 -1.627328545075585442e+00 -1.974154851796771304e+00
