8.144134632179049760e-01 2.788079248250710407e+02 -1.313585341445158292e+02 -9.193548387096773800e-01
1.084176316088982794e+00 5.446295810186168183e+02 -1.130531349806900465e+02 -9.193548387096773800e-01
1.022696265268435933e+00 3.570126904217595438e+03 -9.836730885538088387e+01 -9.354838709677418818e-01
9.681988405800665554e-01 2.962002903849972881e+03 -1.015608672239698649e+02 -9.354838709677418818e-01
1.558553142322435026e+00 1.318251166717328260e+03 -8.940414169295002011e+01 -9.354838709677418818e-01
1.362566344695162801e+00 3.842295819342434697e+03 -1.008834640904700279e+02 -9.354838709677418818e-01
9.867594565687274333e-01 5.767522287815252184e+02 -1.180598742960899017e+02 -9.193548387096773800e-01
1.323603776290207978e+00 4.204339742455304986e+03 -9.720283921576998409e+01 -8.709677419354838745e-01
1.273301989533926815e+00 3.120248773336842078e+03 -1.031601034361909939e+02 -9.354838709677418818e-01
6.079341188032842958e-01 1.886126304290144162e+03 -1.271350081370298284e+02 -8.709677419354838745e-01
1.408346665215044258e+00 9.403894273541586699e+02 -1.001039952871999503e+02 -9.354838709677418818e-01
