1.373190351598090775e+00 5.261170868523515765e+02 -1.037603644233300315e+02 -9.516129032258064946e-01
1.378928615673648217e+00 2.324383694577195456e+03 -8.922374171988002445e+01 -9.516129032258064946e-01
6.288906466889652158e-01 1.029672092973257350e+03 -1.428977837282500332e+02 -9.193548387096773800e-01
1.375477246732344838e+00 6.766397835904811018e+02 -9.792168469753990223e+01 -9.516129032258064946e-01
1.197307892602691659e+00 3.537151343971861479e+02 -1.273048336888400485e+02 -9.516129032258064946e-01
1.320051615444423287e+00 5.073022459197362650e+02 -1.153921295884501461e+02 -9.193548387096773800e-01
9.967220948529704749e-01 1.055220184288206610e+03 -1.223091433991100843e+02 -9.516129032258064946e-01
1.371240285772062695e+00 6.173447661141132130e+02 -1.023693103317899329e+02 -9.354838709677418818e-01
6.033991550922328528e-01 8.156579963844723125e+02 -1.425933177609999518e+02 -9.677419354838709964e-01
1.383488724115426560e+00 1.775073808118424040e+03 -9.454566076282989684e+01 -9.354838709677418818e-01
