1.657449168025294517e-01 -7.724507224501365732e-01 -1.655397901617170764e-01
3.211485882907608169e-02 7.646561669928476634e-01 -6.824508834195089912e-01
3.969410126460072852e-01 -2.313846268167259801e+00 6.548297115374385191e-01
-1.017290443942746592e+00 -1.135267078250933315e+00 4.896773406099915737e-01
5.320265195088028642e-01 -2.325884585688300921e-02 -8.784128352200007428e-03
4.607217830329605746e-01 8.966672659629945086e-01 -9.487545473074856517e-01
2.183565675408251749e+00 2.485904099476042850e-01 1.651431138772971874e-01
9.411399432786304864e-01 -1.051720355171114507e+00 -9.679483246533379104e-01
-1.612017215048843766e-01 3.183231934073244007e-01 -3.061640182363852269e-01
3.015005199139362269e-01 3.094051723211991844e-01 4.142678697391223852e-01
1.011028871779984240e+00 5.249610973319077667e-01 -5.616774989905123361e-01
6.675510845478490607e-01 1.094594729366841657e+00 -1.653335448087276838e+00
