4.632239451702674926e-01 -4.675001179452402678e-01 -8.540142176647816941e-01
1.993219283183925938e+00 -1.217374559920288146e-01 1.024730681932449761e+00
1.152813703950293256e+00 -9.449643234120114199e-01 -9.000156806706146595e-01
1.974400989967200371e+00 -5.400066827023883298e-02 1.039450264899292931e+00
1.150914874339789451e+00 -9.330219206810284049e-01 -8.998564504923196594e-01
1.557308205730535411e+00 -5.512519673268016784e-02 -9.586335046511713642e-01
1.144589421785392913e+00 -4.363302430016310907e-01 -7.226584472516957014e-01
1.279454388785340013e+00 -2.129009613537115264e+00 -7.023232366689843298e-01
8.464480542552648146e-01 -4.258386285338301436e-01 -1.570696091650867876e+00
1.386271601323581848e+00 -2.898017612174982105e+00 -1.336968562876032496e-01
1.305864677079391356e+00 -2.925239594652441433e+00 -1.327884908095865013e+00
1.665686752106189328e+00 -3.079987209992312014e-01 -1.407383910010371775e+00
9.775936578259485366e-01 -5.537203852174195085e-01 -1.118281515632512324e+00
2.337989068785626401e+00 -2.329121001877841324e-01 -5.987663042595631202e-01
-8.325022644408661132e-02 -1.073772585503476096e+00 -4.041397316827588515e-01
-5.873203442555417764e-02 -2.265839069975187914e-01 -2.340048892072564612e+00
2.211437526979538326e+00 7.614329902020351426e-01 -1.283411130435834435e+00
1.644361571768145680e+00 -1.646836356495384734e+00 -1.818417251514804267e+00
-3.754019361588072784e-02 -3.044007967958022309e-01 -7.461083602523954639e-01
9.206647392876887714e-01 -8.563059260959027252e-01 -2.716967150763383465e+00
1.650846019922588059e+00 -2.050284691088380740e+00 -2.141385176850359784e+00
2.218676841189767268e-01 -6.440354605776703600e-01 -7.564946762153298421e-01
