-1.137361486297843616e+00 -1.081545828936302087e+03 1.031053833254399734e+02 9.354838709677418818e-01
-8.063755067647422337e-01 -1.001882671720115127e+03 1.311967408116898639e+02 8.709677419354838745e-01
-1.292897530331910794e+00 -2.455299908518487882e+03 1.088433282995699045e+02 9.516129032258064946e-01
-9.921242281269830876e-01 -4.168088002658553251e+02 1.286660667673201033e+02 8.870967741935483764e-01
-9.355476639462656507e-01 -1.261016348314417201e+03 1.062411693405500586e+02 9.516129032258064946e-01
-7.907110271665405143e-01 -2.596468526325532821e+03 1.303880549319419799e+02 9.032258064516128782e-01
-5.413572566575659550e-01 -3.939963955102073214e+02 1.363175782815639536e+02 9.032258064516128782e-01
-1.067292612227217052e+00 -5.975682580960964287e+02 1.089882266372641197e+02 8.709677419354838745e-01
-7.486786011147823494e-01 -6.847496420093247025e+02 1.299279950347131205e+02 9.516129032258064946e-01
-9.708626422517299126e-01 -8.918238169051056730e+02 1.150815302810039071e+02 9.193548387096773800e-01
-2.179490844666069904e-01 -4.465091067309839445e+02 1.600821892412700720e+02 8.709677419354838745e-01
