1.579983130012962533e+00 1.294103428520090119e+03 -7.752544707753990849e+01 -9.354838709677418818e-01
7.502212380104538170e-01 7.670646493700735391e+02 -1.104296960285000324e+02 -9.032258064516128782e-01
1.264790825159975984e+00 3.190924412375633892e+03 -9.351875050610995288e+01 -9.354838709677418818e-01
7.488486704538006578e-01 1.318202732488948186e+03 -1.203443543910700413e+02 -9.032258064516128782e-01
1.269364061410859890e+00 3.466229428240041216e+03 -9.914936035501995093e+01 -9.193548387096773800e-01
1.158348437721009372e+00 4.113233462745308316e+03 -9.760925709471977996e+01 -9.032258064516128782e-01
1.314835542820269598e+00 4.306113657568241251e+03 -9.649934549471302603e+01 -9.516129032258064946e-01
7.987823907317532779e-01 8.586273748530177272e+02 -1.182717257859199123e+02 -9.193548387096773800e-01
1.407761802204384960e+00 2.302381872834841033e+03 -9.501786040547997914e+01 -9.032258064516128782e-01
2.793277835808565257e-01 2.271714160300686672e+03 -1.445121784279111523e+02 -9.354838709677418818e-01
5.633667305692235949e-01 1.686130987154726881e+03 -1.174410283880540646e+02 -9.193548387096773800e-01
1.185837217572338620e+00 4.136036228570467756e+03 -9.675381096888997945e+01 -9.032258064516128782e-01
1.271051631591765485e+00 2.288565500712291851e+03 -9.894343301288003545e+01 -9.516129032258064946e-01
1.102865423155048319e+00 1.791988510498303413e+03 -1.020813744718900153e+02 -8.870967741935483764e-01
1.359770760390057731e+00 3.470937834882451170e+03 -9.157883841990194185e+01 -9.354838709677418818e-01
1.219685394415813473e+00 2.536434766546963601e+03 -1.074613089165130191e+02 -9.354838709677418818e-01
6.473357672309050237e-01 1.801554119662840321e+03 -1.207148712400723269e+02 -9.516129032258064946e-01
1.125948897722210518e+00 1.420023614960676241e+03 -1.134622402999799817e+02 -8.709677419354838745e-01
1.566224945308187344e+00 7.459589863167584554e+02 -8.657602637734500206e+01 -9.032258064516128782e-01
7.876196975860314531e-01 1.038454571451218271e+03 -1.098787238138799722e+02 -8.225806451612903691e-01
3.651825083657769255e-01 5.185093981668678680e+03 -1.400252007622247561e+02 -8.870967741935483764e-01
1.537029698938432887e+00 3.705062626608000301e+03 -6.932027618840491812e+01 -9.677419354838709964e-01
3.169053821536627069e-01 1.820707415110482543e+03 -1.373991786537810924e+02 -9.677419354838709964e-01
9.470692145773274007e-01 3.391842622502185804e+03 -1.129224253458598781e+02 -9.193548387096773800e-01
1.225963929329374924e+00 1.095353603454205995e+03 -1.139273632983699542e+02 -9.354838709677418818e-01
8.639706690419726165e-01 4.454890626629058943e+02 -1.199744278815317813e+02 -9.354838709677418818e-01
8.528515170458916828e-01 3.396248363973296364e+03 -1.003258676272478311e+02 -9.354838709677418818e-01
