-1.137361486297843616e+00 -1.081545828936302087e+03 1.031053833254399734e+02 9.354838709677418818e-01
-8.063755067647422337e-01 -1.001882671720115127e+03 1.311967408116898639e+02 8.709677419354838745e-01
-1.292897530331910794e+00 -2.455299908518487882e+03 1.088433282995699045e+02 9.516129032258064946e-01
-9.921242281269830876e-01 -4.168088002658553251e+02 1.286660667673201033e+02 8.870967741935483764e-01
-9.355476639462656507e-01 -1.261016348314417201e+03 1.062411693405500586e+02 9.516129032258064946e-01
-7.907110271665405143e-01 -2.596468526325532821e+03 1.303880549319419799e+02 9.032258064516128782e-01
-5.413572566575659550e-01 -3.939963955102073214e+02 1.363175782815639536e+02 9.032258064516128782e-01
-1.067292612227217052e+00 -5.975682580960964287e+02 1.089882266372641197e+02 8.709677419354838745e-01
-7.486786011147823494e-01 -6.847496420093247025e+02 1.299279950347131205e+02 9.516129032258064946e-01
-9.708626422517299126e-01 -8.918238169051056730e+02 1.150815302810039071e+02 9.193548387096773800e-01
-2.179490844666069904e-01 -4.465091067309839445e+02 1.600821892412700720e+02 8.709677419354838745e-01
-3.205941640097056400e-01 -7.770967001124018907e+02 1.664436939560202688e+02 8.870967741935483764e-01
-1.075735309230453574e+00 -1.272012571392308018e+03 1.101488060250701437e+02 9.516129032258064946e-01
-5.242364660744129878e-01 -1.148717327696283519e+03 1.151953942673598448e+02 8.870967741935483764e-01
-1.533980172724018765e-01 -4.593082578833295884e+02 1.582249646309099376e+02 8.709677419354838745e-01
-9.982828067135178784e-01 -1.655271649997852137e+03 1.060979902600900431e+02 9.193548387096773800e-01
-6.323215595801525701e-01 -1.109200300642481807e+03 1.387344160882601329e+02 9.193548387096773800e-01
-4.225976592678764021e-01 -7.727319852415447485e+02 1.557666184517999852e+02 8.548387096774193727e-01
-4.880953754749950413e-01 -3.622605394726179384e+03 1.307403549301097598e+02 9.354838709677418818e-01
-3.860763111159242200e-01 -6.545208191288726312e+02 1.395663389481601087e+02 8.870967741935483764e-01
-8.258930863001068268e-01 -3.532412946845644001e+03 1.347840533024049137e+02 8.709677419354838745e-01
-2.762429234285761481e-01 -7.605562712400985674e+02 1.739758822279200956e+02 8.709677419354838745e-01
-3.498256008592965927e-01 -1.119779979461156017e+03 1.505842885037939425e+02 8.709677419354838745e-01
-2.922623247072628772e-01 -7.456177780879754664e+02 1.733479558268700771e+02 8.870967741935483764e-01
-5.633383142133276955e-01 -3.703250513726183613e+02 1.523557426719300736e+02 9.032258064516128782e-01
-3.789813390137908300e-01 -8.077552402978768669e+02 1.679838995246300328e+02 8.870967741935483764e-01
-3.028707753569985783e-01 -7.658864717748076600e+02 1.675617614616201365e+02 8.870967741935483764e-01
-4.228150683736506821e-01 -7.300787446057807983e+02 1.672240457307803467e+02 8.870967741935483764e-01
-2.969156814258688826e-01 -7.475400265380440032e+02 1.682445051843199906e+02 8.709677419354838745e-01
-8.429657671364632066e-01 -1.281897327517565827e+03 1.126355016764899517e+02 9.354838709677418818e-01
-4.154237332085508605e-01 -7.318934425293927006e+02 1.532304233997099630e+02 8.548387096774193727e-01
-1.949721772137005260e-01 -4.089080287280698485e+03 1.456358657555003049e+02 9.193548387096773800e-01
