1.373190351598090775e+00 5.261170868523515765e+02 -1.037603644233300315e+02 -9.516129032258064946e-01
1.378928615673648217e+00 2.324383694577195456e+03 -8.922374171988002445e+01 -9.516129032258064946e-01
6.288906466889652158e-01 1.029672092973257350e+03 -1.428977837282500332e+02 -9.193548387096773800e-01
1.375477246732344838e+00 6.766397835904811018e+02 -9.792168469753990223e+01 -9.516129032258064946e-01
1.197307892602691659e+00 3.537151343971861479e+02 -1.273048336888400485e+02 -9.516129032258064946e-01
1.320051615444423287e+00 5.073022459197362650e+02 -1.153921295884501461e+02 -9.193548387096773800e-01
9.967220948529704749e-01 1.055220184288206610e+03 -1.223091433991100843e+02 -9.516129032258064946e-01
1.371240285772062695e+00 6.173447661141132130e+02 -1.023693103317899329e+02 -9.354838709677418818e-01
6.033991550922328528e-01 8.156579963844723125e+02 -1.425933177609999518e+02 -9.677419354838709964e-01
1.383488724115426560e+00 1.775073808118424040e+03 -9.454566076282989684e+01 -9.354838709677418818e-01
8.883270153389566381e-01 6.467966342773081578e+02 -1.288153587809307794e+02 -9.032258064516128782e-01
1.368921076661457903e+00 3.061433334129424566e+03 -1.063064557870200275e+02 -9.354838709677418818e-01
9.240790698195113784e-01 1.215648950571672003e+03 -1.110083876937300857e+02 -9.354838709677418818e-01
1.380478144699019971e+00 3.849930987404371081e+03 -8.999681873712489732e+01 -8.870967741935483764e-01
1.087146367040132677e+00 5.466546448834127432e+02 -1.200255526185999315e+02 -9.193548387096773800e-01
8.733630351540369041e-01 5.681885672671241082e+03 -9.014557595139105217e+01 -9.677419354838709964e-01
1.322497837362898832e+00 1.664621041943503542e+03 -1.066129538860000707e+02 -9.677419354838709964e-01
1.265356909554042453e+00 2.655531621713170807e+03 -1.013558459766498885e+02 -9.516129032258064946e-01
1.244794764287146194e+00 1.013060819957941703e+03 -1.124442966314300349e+02 -9.354838709677418818e-01
8.043785419377575963e-01 1.444882526010494757e+03 -1.108755649364698996e+02 -9.032258064516128782e-01
1.065823752130996560e+00 7.903255814588811745e+02 -1.122730776902311476e+02 -9.354838709677418818e-01
7.805080006014240013e-01 1.718620374421150473e+03 -1.268201796570399864e+02 -9.193548387096773800e-01
2.762648180805213904e-01 1.574029149643645042e+03 -1.568965237642200066e+02 -9.354838709677418818e-01
4.253155490208904155e-01 5.650749974310185735e+02 -1.413022207317901007e+02 -9.354838709677418818e-01
2.806025072222926298e-01 8.462407742438388141e+02 -1.599418783672799975e+02 -9.516129032258064946e-01
